1073741824S,0C
0 0
76776 1
2157 1
32131 1
9274 1
909 1
1003 1
-909 -1
1003 1
-1003 -1
6894 1
6894 1
-6894 -1
32131 1
-32131 -1
1003 1
6894 1
-6894 -1
-1003 -1
47574 1
27757 1
5412 1
23371 1
50733 1
50733 1
-50733 -1
25201 1
14137 1
18831 1
14731 1
288733 1
7192 1
6487 1
14141 1
344057 1
7946 1
9586 1
38648 1
820 1
7791 1
5381 1
73010 1
73010 1
-73010 -1
-58630 -3
4315 1
25172 1
4674 1
111878 1
24960 1
111878 1
-111878 -1
4403 1
-73010 -1
158271 1
24957 1
4886 1
4201 1
-111878 -1
4642 1
4901 1
139477 1
218601 1
86433 1
14717 1
747956 1
25748 1
139298 1
8347 1
16081 1
160419 1
4608 1
4435 1
746733 1
45165 1
2605 1
5063 1
5302 1
4652 1
2610 1
